{
 "cells": [
  {
   "cell_type": "markdown",
   "source": [
    "# 多分类问题"
   ],
   "metadata": {
    "collapsed": false
   }
  },
  {
   "cell_type": "code",
   "execution_count": 24,
   "outputs": [],
   "source": [
    "import numpy as np\n",
    "from sklearn.datasets import make_classification\n",
    "from sklearn.model_selection import train_test_split\n",
    "from sklearn.preprocessing import StandardScaler\n"
   ],
   "metadata": {
    "collapsed": false
   }
  },
  {
   "cell_type": "code",
   "execution_count": 32,
   "outputs": [],
   "source": [
    "class LogisticRegressionMultiClass:\n",
    "    def __init__(self, learning_rate=0.01, max_iter=1000):\n",
    "        self.learning_rate = learning_rate\n",
    "        self.max_iter = max_iter\n",
    "        self.weights = None\n",
    "        self.bias = None\n",
    "\n",
    "    def fit(self, X, y):\n",
    "        # 初始化参数\n",
    "        num_samples, num_features = X.shape\n",
    "        num_classes = len(np.unique(y))\n",
    "        self.weights = np.zeros((num_features, num_classes))\n",
    "        self.bias = np.zeros(num_classes)\n",
    "\n",
    "        # 将标签转换为 one-hot 编码\n",
    "        y_one_hot = self.one_hot(y, num_classes)\n",
    "\n",
    "        # 梯度下降\n",
    "        for _ in range(self.max_iter):\n",
    "            model = np.dot(X, self.weights) + self.bias\n",
    "            y_predicted = self.softmax(model)\n",
    "\n",
    "            # 计算梯度\n",
    "            dw = (1 / num_samples) * np.dot(X.T, (y_predicted - y_one_hot))\n",
    "            db = (1 / num_samples) * np.sum(y_predicted - y_one_hot, axis=0)\n",
    "\n",
    "            # 更新参数\n",
    "            self.weights -= self.learning_rate * dw\n",
    "            self.bias -= self.learning_rate * db\n",
    "\n",
    "    def predict_proba(self, X):\n",
    "        model = np.dot(X, self.weights) + self.bias\n",
    "        y_prob = self.softmax(model)\n",
    "        return y_prob\n",
    "\n",
    "    def predict(self, X):\n",
    "        model = np.dot(X, self.weights) + self.bias\n",
    "        y_predicted = self.softmax(model)\n",
    "        return np.argmax(y_predicted, axis=1)\n",
    "\n",
    "    @staticmethod\n",
    "    def softmax(z):\n",
    "        exp_scores = np.exp(z - np.max(z, axis=1, keepdims=True))\n",
    "        return exp_scores / np.sum(exp_scores, axis=1, keepdims=True)\n",
    "\n",
    "    @staticmethod\n",
    "    def one_hot(y, num_classes):\n",
    "        one_hot = np.zeros((len(y), num_classes))\n",
    "        one_hot[np.arange(len(y)), y] = 1\n",
    "        return one_hot\n"
   ],
   "metadata": {
    "collapsed": false
   }
  },
  {
   "cell_type": "code",
   "execution_count": null,
   "outputs": [],
   "source": [
    "# 生成模拟数据\n",
    "X, y = make_classification(n_samples=1000, n_features=10, n_classes=3, n_clusters_per_class=1, random_state=42)\n",
    "\n",
    "# 数据预处理\n",
    "scaler = StandardScaler()\n",
    "X_scaled = scaler.fit_transform(X)\n",
    "\n",
    "# 划分数据集\n",
    "X_train, X_test, y_train, y_test = train_test_split(X_scaled, y, test_size=0.3, random_state=42)\n",
    "\n",
    "# 创建并训练模型\n",
    "model = LogisticRegressionMultiClass(learning_rate=0.01, max_iter=1000)\n",
    "model.fit(X_train, y_train)\n",
    "\n",
    "# 进行预测\n",
    "predictions = model.predict(X_test)\n"
   ],
   "metadata": {
    "collapsed": false
   }
  },
  {
   "cell_type": "code",
   "execution_count": 28,
   "outputs": [
    {
     "data": {
      "text/plain": "array([1, 0, 1, 1, 2, 2, 0, 0, 2, 1, 1, 0, 0, 1, 1, 2, 1, 1, 1, 1, 1, 1,\n       2, 1, 1, 2, 0, 0, 1, 1, 2, 0, 2, 2, 2, 2, 0, 2, 2, 1, 0, 0, 2, 0,\n       2, 2, 2, 2, 1, 2, 2, 2, 0, 0, 0, 1, 1, 1, 2, 0, 2, 2, 2, 2, 1, 1,\n       2, 0, 2, 2, 0, 2, 1, 0, 2, 0, 2, 2, 0, 2, 0, 0, 2, 2, 2, 2, 2, 0,\n       1, 2, 1, 1, 2, 0, 1, 2, 1, 1, 1, 0, 2, 2, 0, 2, 0, 2, 0, 2, 2, 2,\n       0, 2, 1, 0, 1, 2, 1, 1, 2, 2, 0, 0, 0, 2, 2, 2, 2, 0, 0, 1, 2, 1,\n       1, 2, 1, 1, 2, 2, 2, 1, 0, 1, 1, 0, 0, 1, 1, 2, 2, 1, 0, 1, 0, 0,\n       2, 2, 1, 2, 2, 1, 0, 1, 1, 1, 2, 2, 2, 1, 0, 1, 2, 0, 1, 0, 2, 1,\n       2, 2, 0, 2, 0, 1, 2, 2, 0, 1, 2, 2, 0, 0, 0, 1, 2, 1, 0, 1, 2, 1,\n       0, 2])"
     },
     "execution_count": 28,
     "metadata": {},
     "output_type": "execute_result"
    }
   ],
   "source": [
    "predictions"
   ],
   "metadata": {
    "collapsed": false
   }
  },
  {
   "cell_type": "code",
   "execution_count": 34,
   "outputs": [
    {
     "name": "stdout",
     "output_type": "stream",
     "text": [
      "Accuracy: 0.8566666666666667\n",
      "Confusion Matrix:\n",
      " [[ 64  15   9]\n",
      " [ 10  86   1]\n",
      " [  3   5 107]]\n"
     ]
    }
   ],
   "source": [
    "from sklearn.metrics import accuracy_score, confusion_matrix\n",
    "\n",
    "# 计算准确率\n",
    "acc = accuracy_score(y_test, predictions)\n",
    "print(f\"Accuracy: {acc}\")\n",
    "\n",
    "# 输出混淆矩阵\n",
    "cm = confusion_matrix(y_test, predictions)\n",
    "print(\"Confusion Matrix:\\n\", cm)\n"
   ],
   "metadata": {
    "collapsed": false
   }
  },
  {
   "cell_type": "code",
   "execution_count": 35,
   "outputs": [],
   "source": [
    "y_score=model.predict_proba(X_test)"
   ],
   "metadata": {
    "collapsed": false
   }
  },
  {
   "cell_type": "code",
   "execution_count": 36,
   "outputs": [
    {
     "data": {
      "text/plain": "array([[4.15006235e-01, 5.69704861e-01, 1.52889047e-02],\n       [5.18758974e-01, 4.48749493e-01, 3.24915331e-02],\n       [4.11112040e-02, 9.58512587e-01, 3.76208642e-04],\n       [2.11230811e-01, 7.60990326e-01, 2.77788626e-02],\n       [3.34235337e-01, 1.21294288e-02, 6.53635234e-01],\n       [2.91865225e-01, 1.87374974e-01, 5.20759801e-01],\n       [7.92383595e-01, 1.26832524e-01, 8.07838812e-02],\n       [7.55409807e-01, 1.66310627e-02, 2.27959131e-01],\n       [7.00896927e-02, 2.71884150e-01, 6.58026157e-01],\n       [2.15615619e-03, 8.87626199e-01, 1.10217645e-01],\n       [6.14572625e-02, 8.46104659e-01, 9.24380788e-02],\n       [5.09046203e-01, 4.68801412e-02, 4.44073656e-01],\n       [6.29694670e-01, 3.35432762e-01, 3.48725680e-02],\n       [2.86480273e-01, 6.54112384e-01, 5.94073428e-02],\n       [3.01427487e-02, 9.26986770e-01, 4.28704815e-02],\n       [1.25171305e-01, 3.23771939e-02, 8.42451501e-01],\n       [3.40277877e-01, 6.25896220e-01, 3.38259032e-02],\n       [3.48360646e-02, 9.34581001e-01, 3.05829343e-02],\n       [2.63549149e-01, 7.13830220e-01, 2.26206307e-02],\n       [1.60989264e-01, 7.90228178e-01, 4.87825571e-02],\n       [3.34786985e-01, 6.33706800e-01, 3.15062158e-02],\n       [3.89911202e-01, 5.76956368e-01, 3.31324302e-02],\n       [3.97245045e-01, 9.16682591e-02, 5.11086696e-01],\n       [1.98482177e-01, 7.97888500e-01, 3.62932292e-03],\n       [8.24220716e-02, 8.66300303e-01, 5.12776258e-02],\n       [1.46551203e-01, 5.29222429e-02, 8.00526554e-01],\n       [6.19973684e-01, 3.39375029e-01, 4.06512863e-02],\n       [7.69697479e-01, 1.44186569e-01, 8.61159517e-02],\n       [4.42588911e-03, 8.56550802e-01, 1.39023308e-01],\n       [3.98051322e-01, 5.50795501e-01, 5.11531766e-02],\n       [1.61534597e-01, 5.29765914e-03, 8.33167744e-01],\n       [7.98525407e-01, 1.24958468e-01, 7.65161247e-02],\n       [2.13930848e-01, 4.75948448e-03, 7.81309668e-01],\n       [2.73408469e-01, 3.14204301e-02, 6.95171101e-01],\n       [9.64881197e-02, 1.15305710e-01, 7.88206171e-01],\n       [4.13703433e-01, 9.25883011e-03, 5.77037737e-01],\n       [5.34932805e-01, 4.40449118e-01, 2.46180769e-02],\n       [2.16197686e-01, 1.01759903e-02, 7.73626323e-01],\n       [7.00869255e-02, 1.15354205e-01, 8.14558870e-01],\n       [1.42578281e-03, 9.37171912e-01, 6.14023052e-02],\n       [8.04866060e-01, 3.63022056e-02, 1.58831734e-01],\n       [5.68362129e-01, 4.46966658e-03, 4.27168204e-01],\n       [2.65373314e-01, 2.41228096e-03, 7.32214405e-01],\n       [7.56858529e-01, 6.19104290e-02, 1.81231042e-01],\n       [3.58767689e-01, 2.88133893e-02, 6.12418921e-01],\n       [1.96395948e-01, 2.73909099e-02, 7.76213142e-01],\n       [4.21006316e-01, 1.27908912e-03, 5.77714595e-01],\n       [2.80037425e-01, 7.91788615e-02, 6.40783713e-01],\n       [1.88995898e-01, 7.15402850e-01, 9.56012528e-02],\n       [1.28342988e-01, 1.29754001e-01, 7.41903012e-01],\n       [1.92337090e-01, 1.16702000e-02, 7.95992710e-01],\n       [9.44137848e-02, 1.35173058e-01, 7.70413157e-01],\n       [5.28165334e-01, 4.42416910e-01, 2.94177555e-02],\n       [7.30107534e-01, 2.55727564e-01, 1.41649021e-02],\n       [8.23032539e-01, 5.20701660e-02, 1.24897295e-01],\n       [7.75593748e-03, 9.15704758e-01, 7.65393049e-02],\n       [2.08072698e-01, 7.90609932e-01, 1.31737076e-03],\n       [4.68456717e-01, 5.12995254e-01, 1.85480281e-02],\n       [2.87974236e-01, 3.50109972e-02, 6.77014767e-01],\n       [5.70863970e-01, 4.15207127e-01, 1.39289032e-02],\n       [1.18287274e-01, 1.41649689e-02, 8.67547757e-01],\n       [1.26747475e-01, 4.87097614e-03, 8.68381549e-01],\n       [2.22222692e-01, 1.67966868e-02, 7.60980621e-01],\n       [2.62440994e-01, 1.13806512e-02, 7.26178355e-01],\n       [1.27295738e-01, 8.30480736e-01, 4.22235256e-02],\n       [2.26082967e-01, 7.14429304e-01, 5.94877290e-02],\n       [3.05313460e-01, 4.85849333e-03, 6.89828047e-01],\n       [5.51339571e-01, 4.32529093e-01, 1.61313362e-02],\n       [4.48615596e-02, 9.64148182e-02, 8.58723622e-01],\n       [1.77676158e-01, 1.42142512e-01, 6.80181330e-01],\n       [8.69940563e-01, 1.24752920e-01, 5.30651683e-03],\n       [1.52620880e-01, 2.20812378e-03, 8.45170996e-01],\n       [9.09805180e-02, 8.55420594e-01, 5.35988875e-02],\n       [8.65668360e-01, 8.42575606e-02, 5.00740792e-02],\n       [2.62075772e-01, 2.28008948e-03, 7.35644138e-01],\n       [6.35146246e-01, 1.37771582e-01, 2.27082171e-01],\n       [2.23163971e-01, 2.82687227e-03, 7.74009157e-01],\n       [2.10472097e-01, 2.01181427e-01, 5.88346476e-01],\n       [5.72152123e-01, 4.15451422e-01, 1.23964555e-02],\n       [1.89001665e-01, 1.69589840e-01, 6.41408495e-01],\n       [4.70937669e-01, 4.81936295e-01, 4.71260365e-02],\n       [6.67881231e-01, 3.05496786e-01, 2.66219833e-02],\n       [8.31113973e-02, 2.01580081e-01, 7.15308521e-01],\n       [2.29075144e-01, 6.99959017e-03, 7.63925266e-01],\n       [2.23114874e-01, 1.83703952e-01, 5.93181174e-01],\n       [4.02629268e-01, 4.31354385e-03, 5.93057188e-01],\n       [2.38806585e-01, 3.75588516e-02, 7.23634564e-01],\n       [7.57336266e-01, 1.26116616e-02, 2.30052073e-01],\n       [5.34119369e-02, 8.67883396e-01, 7.87046667e-02],\n       [4.46055167e-01, 9.06402632e-03, 5.44880807e-01],\n       [1.00402710e-03, 9.89357858e-01, 9.63811507e-03],\n       [2.36665519e-01, 7.32991447e-01, 3.03430334e-02],\n       [1.71467860e-01, 1.12161124e-02, 8.17316027e-01],\n       [6.37330561e-01, 3.12582542e-01, 5.00868970e-02],\n       [4.31719270e-01, 5.51303474e-01, 1.69772553e-02],\n       [1.79675656e-01, 7.00680793e-03, 8.13317536e-01],\n       [7.97233724e-02, 8.76346951e-01, 4.39296764e-02],\n       [9.58304557e-02, 8.70632913e-01, 3.35366316e-02],\n       [1.02007751e-01, 8.43541674e-01, 5.44505752e-02],\n       [6.10440852e-01, 3.42580252e-01, 4.69788954e-02],\n       [2.88844693e-01, 2.48793027e-02, 6.86276004e-01],\n       [1.53256649e-01, 6.69200360e-03, 8.40051348e-01],\n       [7.30380642e-01, 9.78418613e-03, 2.59835172e-01],\n       [1.64290373e-01, 1.45641537e-02, 8.21145473e-01],\n       [5.56943673e-01, 4.12876660e-01, 3.01796669e-02],\n       [1.39901590e-01, 7.82369958e-03, 8.52274710e-01],\n       [7.61591762e-01, 2.07633772e-01, 3.07744666e-02],\n       [4.73569584e-01, 1.94397204e-02, 5.06990695e-01],\n       [9.05819912e-02, 1.77711422e-02, 8.91646867e-01],\n       [1.66793991e-01, 1.20142687e-02, 8.21191740e-01],\n       [7.20297820e-01, 5.52332327e-02, 2.24468948e-01],\n       [1.54737615e-01, 6.41139129e-03, 8.38850994e-01],\n       [3.43484653e-01, 6.09596523e-01, 4.69188235e-02],\n       [5.27155070e-01, 4.52458370e-01, 2.03865607e-02],\n       [3.09852548e-02, 6.10340241e-01, 3.58674504e-01],\n       [3.93621486e-01, 7.50915422e-03, 5.98869359e-01],\n       [1.05344384e-01, 8.24883243e-01, 6.97723728e-02],\n       [1.67052777e-01, 7.25736473e-01, 1.07210750e-01],\n       [1.47674619e-01, 3.24179693e-03, 8.49083584e-01],\n       [1.52217866e-01, 1.20671881e-01, 7.27110254e-01],\n       [7.32820441e-01, 5.90996733e-02, 2.08079886e-01],\n       [6.70018232e-01, 2.25622733e-01, 1.04359035e-01],\n       [7.75883913e-01, 5.36781514e-02, 1.70437935e-01],\n       [1.64775872e-01, 6.18376445e-02, 7.73386483e-01],\n       [2.07899576e-01, 4.59636581e-03, 7.87504058e-01],\n       [1.00148305e-01, 4.08199124e-03, 8.95769704e-01],\n       [7.57765396e-02, 1.21541680e-01, 8.02681781e-01],\n       [5.86861452e-01, 3.68918195e-01, 4.42203529e-02],\n       [6.93786257e-01, 1.88137578e-02, 2.87399986e-01],\n       [3.37154646e-02, 9.08922159e-01, 5.73623763e-02],\n       [1.42703439e-01, 6.46591574e-02, 7.92637404e-01],\n       [3.69986558e-02, 9.25488646e-01, 3.75126977e-02],\n       [4.38031732e-03, 8.14437254e-01, 1.81182429e-01],\n       [3.95178295e-01, 5.00614511e-03, 5.99815560e-01],\n       [9.79428584e-02, 8.83728395e-01, 1.83287471e-02],\n       [2.90894292e-01, 6.96838951e-01, 1.22667568e-02],\n       [1.45259960e-01, 5.43502782e-02, 8.00389762e-01],\n       [1.51697883e-01, 4.05649803e-02, 8.07737136e-01],\n       [8.88895374e-02, 1.94043822e-01, 7.17066640e-01],\n       [4.71988957e-02, 8.93932142e-01, 5.88689623e-02],\n       [7.79798100e-01, 1.70538281e-01, 4.96636193e-02],\n       [1.51345923e-01, 7.51231954e-01, 9.74221235e-02],\n       [2.24760177e-01, 7.27111386e-01, 4.81284363e-02],\n       [6.85297584e-01, 4.32593919e-02, 2.71443025e-01],\n       [7.09607311e-01, 1.46561422e-01, 1.43831267e-01],\n       [2.97451498e-03, 9.72491282e-01, 2.45342027e-02],\n       [6.47701987e-02, 8.98591774e-01, 3.66380276e-02],\n       [3.53598304e-01, 1.08877015e-02, 6.35513995e-01],\n       [1.30762976e-01, 2.62497220e-02, 8.42987302e-01],\n       [6.40525372e-03, 8.88815530e-01, 1.04779216e-01],\n       [7.05523095e-01, 1.69291849e-02, 2.77547720e-01],\n       [1.36921560e-02, 9.28404190e-01, 5.79036541e-02],\n       [5.35419257e-01, 4.17876119e-01, 4.67046235e-02],\n       [7.37769387e-01, 1.35083328e-01, 1.27147286e-01],\n       [4.64857235e-01, 1.17148246e-04, 5.35025617e-01],\n       [1.94944965e-01, 5.20709226e-03, 7.99847943e-01],\n       [3.58983835e-01, 6.35473499e-01, 5.54266622e-03],\n       [2.09758793e-01, 7.89079282e-02, 7.11333279e-01],\n       [5.42507908e-02, 1.13307559e-01, 8.32441650e-01],\n       [4.21869034e-02, 9.17081773e-01, 4.07313236e-02],\n       [8.35696730e-01, 6.51616640e-02, 9.91416059e-02],\n       [3.12273680e-01, 6.77926753e-01, 9.79956751e-03],\n       [9.24625239e-02, 8.80793356e-01, 2.67441204e-02],\n       [7.26304898e-02, 9.07124209e-01, 2.02453017e-02],\n       [5.39824996e-02, 9.87074157e-03, 9.36146759e-01],\n       [2.08798417e-01, 5.86552426e-04, 7.90615030e-01],\n       [2.56514739e-01, 3.69960586e-02, 7.06489202e-01],\n       [1.55567305e-02, 8.65032466e-01, 1.19410803e-01],\n       [7.82006109e-01, 1.61678254e-01, 5.63156365e-02],\n       [8.03745881e-04, 8.66526633e-01, 1.32669621e-01],\n       [3.83521999e-01, 6.20577581e-03, 6.10272225e-01],\n       [5.47230337e-01, 1.43823755e-02, 4.38387288e-01],\n       [6.24625988e-02, 9.25178556e-01, 1.23588448e-02],\n       [6.95377675e-01, 2.57769834e-01, 4.68524907e-02],\n       [1.25886108e-01, 2.94429763e-02, 8.44670915e-01],\n       [3.62543041e-01, 5.84204559e-01, 5.32523996e-02],\n       [2.65356370e-01, 2.90015034e-03, 7.31743479e-01],\n       [1.44629372e-01, 2.46479441e-02, 8.30722684e-01],\n       [6.39507466e-01, 2.78262329e-02, 3.32666302e-01],\n       [2.00546352e-01, 9.22244656e-03, 7.90231201e-01],\n       [7.47334594e-01, 2.38195627e-02, 2.28845844e-01],\n       [1.81562072e-01, 8.15605496e-01, 2.83243202e-03],\n       [1.72336050e-01, 6.90878117e-03, 8.20755169e-01],\n       [3.78110785e-01, 4.92550493e-03, 6.16963710e-01],\n       [8.41427973e-01, 3.20880073e-02, 1.26484019e-01],\n       [1.76499552e-01, 7.88223073e-01, 3.52773748e-02],\n       [2.45446224e-01, 8.51170961e-03, 7.46042066e-01],\n       [1.56675670e-01, 5.00255795e-02, 7.93298750e-01],\n       [6.49430794e-01, 3.29514592e-01, 2.10546146e-02],\n       [7.16464714e-01, 2.56717417e-01, 2.68178689e-02],\n       [6.37486679e-01, 3.23470236e-01, 3.90430850e-02],\n       [5.66542874e-02, 8.27675339e-01, 1.15670374e-01],\n       [2.09398227e-01, 1.19238878e-02, 7.78677885e-01],\n       [1.56657531e-01, 7.92783008e-01, 5.05594603e-02],\n       [6.79155684e-01, 1.67349829e-01, 1.53494487e-01],\n       [5.00603558e-02, 9.28340998e-01, 2.15986459e-02],\n       [1.34795161e-01, 3.78486090e-02, 8.27356230e-01],\n       [1.27665474e-01, 8.31512364e-01, 4.08221620e-02],\n       [6.66434837e-01, 6.02121423e-02, 2.73353021e-01],\n       [2.43022852e-01, 3.28536330e-04, 7.56648612e-01],\n       [2.87405222e-01, 6.80170418e-01, 3.24243596e-02],\n       [1.17904300e-03, 9.34551050e-01, 6.42699068e-02],\n       [1.28846239e-01, 1.74076179e-01, 6.97077582e-01],\n       [4.03323523e-01, 5.22797491e-03, 5.91448503e-01],\n       [6.50881496e-01, 5.39295330e-02, 2.95188971e-01],\n       [5.89448851e-01, 3.98889990e-01, 1.16611585e-02],\n       [3.23282053e-02, 8.70286725e-01, 9.73850697e-02],\n       [5.28499242e-02, 8.80725005e-01, 6.64250710e-02],\n       [1.95257733e-01, 2.47722960e-02, 7.79969971e-01],\n       [7.11013337e-01, 2.70061211e-01, 1.89254521e-02],\n       [7.85933691e-01, 2.80841590e-02, 1.85982150e-01],\n       [2.12334964e-03, 9.12580481e-01, 8.52961697e-02],\n       [3.74205165e-01, 3.24953181e-03, 6.22545303e-01],\n       [5.85255383e-02, 4.80265891e-01, 4.61208570e-01],\n       [3.06735112e-01, 6.72800209e-01, 2.04646792e-02],\n       [7.84209558e-02, 3.82385006e-02, 8.83340544e-01],\n       [1.57293449e-01, 9.34691086e-03, 8.33359641e-01],\n       [1.46421923e-02, 8.53248837e-01, 1.32108971e-01],\n       [1.98515250e-01, 3.72331692e-03, 7.97761433e-01],\n       [1.40714776e-01, 4.51051423e-02, 8.14180082e-01],\n       [1.71914641e-01, 7.84950443e-01, 4.31349161e-02],\n       [4.52229537e-01, 2.06756921e-02, 5.27094771e-01],\n       [1.88339285e-01, 7.63602758e-01, 4.80579572e-02],\n       [4.78432567e-01, 4.71940256e-01, 4.96271775e-02],\n       [5.89487532e-01, 1.67336582e-02, 3.93778810e-01],\n       [6.93323233e-01, 2.95906294e-01, 1.07704728e-02],\n       [4.91842769e-01, 4.86829675e-01, 2.13275557e-02],\n       [3.30214956e-01, 6.23896901e-01, 4.58881431e-02],\n       [1.07892483e-01, 8.66878680e-01, 2.52288376e-02],\n       [1.50473156e-01, 8.22770037e-01, 2.67568064e-02],\n       [7.08019367e-01, 2.52924864e-01, 3.90557687e-02],\n       [2.37143870e-01, 3.68495684e-02, 7.26006561e-01],\n       [3.49543203e-02, 6.66358119e-01, 2.98687560e-01],\n       [4.94952399e-02, 8.81862313e-01, 6.86424469e-02],\n       [4.61104271e-02, 9.06712304e-01, 4.71772689e-02],\n       [7.47343926e-02, 8.95781530e-01, 2.94840770e-02],\n       [2.05338827e-01, 6.72712066e-02, 7.27389966e-01],\n       [1.28878816e-01, 8.16804518e-01, 5.43166657e-02],\n       [1.17731306e-02, 9.53285703e-01, 3.49411663e-02],\n       [6.63686266e-01, 2.93175490e-01, 4.31382437e-02],\n       [7.78533930e-01, 1.05859714e-01, 1.15606356e-01],\n       [2.19364095e-03, 9.54083049e-01, 4.37233096e-02],\n       [6.24499615e-02, 1.17066272e-03, 9.36379376e-01],\n       [9.07428434e-02, 8.05196749e-01, 1.04060408e-01],\n       [3.00391714e-01, 5.47134160e-03, 6.94136944e-01],\n       [2.89677803e-01, 6.95398432e-01, 1.49237655e-02],\n       [5.57189245e-01, 2.88435229e-02, 4.13967232e-01],\n       [5.65548825e-02, 8.44318310e-01, 9.91268074e-02],\n       [8.06809614e-01, 9.02181185e-02, 1.02972267e-01],\n       [2.59951327e-02, 9.35415912e-01, 3.85889552e-02],\n       [5.65036069e-01, 3.90484792e-01, 4.44791389e-02],\n       [2.33106732e-02, 4.14251714e-01, 5.62437613e-01],\n       [1.83850684e-02, 9.50365703e-01, 3.12492283e-02],\n       [2.41582718e-01, 5.89107315e-02, 6.99506550e-01],\n       [2.70475235e-03, 9.22689026e-01, 7.46062213e-02],\n       [1.44480249e-02, 8.80718945e-01, 1.04833030e-01],\n       [2.75223177e-01, 9.48818116e-04, 7.23828005e-01],\n       [2.64140312e-01, 3.42641328e-02, 7.01595555e-01],\n       [1.76177797e-01, 7.99172294e-01, 2.46499091e-02],\n       [5.75454310e-01, 1.76672048e-02, 4.06878485e-01],\n       [6.14166206e-01, 3.57838158e-01, 2.79956359e-02],\n       [1.22870664e-01, 5.93901213e-03, 8.71190324e-01],\n       [7.43100286e-01, 3.45459442e-02, 2.22353770e-01],\n       [1.81584019e-02, 9.40090696e-01, 4.17509018e-02],\n       [7.17968911e-02, 6.47489894e-02, 8.63454119e-01],\n       [2.13817353e-01, 3.56386220e-02, 7.50544025e-01],\n       [4.87486391e-02, 6.73586463e-01, 2.77664898e-01],\n       [1.60352415e-02, 9.04653465e-01, 7.93112935e-02],\n       [5.02975243e-02, 9.01692150e-01, 4.80103253e-02],\n       [2.52108010e-01, 1.95279230e-04, 7.47696711e-01],\n       [6.70682201e-01, 1.49321316e-01, 1.79996483e-01],\n       [4.23383435e-01, 3.38359179e-02, 5.42780647e-01],\n       [4.74116324e-01, 3.74914955e-02, 4.88392181e-01],\n       [1.76715554e-01, 8.21529209e-01, 1.75523789e-03],\n       [9.73543688e-03, 9.32621405e-01, 5.76431583e-02],\n       [6.28479357e-01, 6.61208645e-02, 3.05399779e-01],\n       [7.45960743e-01, 1.41464087e-01, 1.12575170e-01],\n       [1.96715094e-01, 3.84277967e-02, 7.64857109e-01],\n       [2.33135588e-01, 7.27530493e-01, 3.93339189e-02],\n       [3.63790084e-01, 1.08704095e-02, 6.25339507e-01],\n       [7.01599990e-01, 1.82638618e-02, 2.80136149e-01],\n       [6.83990557e-01, 4.59271006e-02, 2.70082343e-01],\n       [3.51543132e-01, 6.29791406e-01, 1.86654616e-02],\n       [7.17322537e-02, 7.18487069e-03, 9.21082876e-01],\n       [1.29781333e-01, 8.37968398e-01, 3.22502692e-02],\n       [3.01622751e-01, 4.89435403e-02, 6.49433709e-01],\n       [8.07746942e-02, 4.95634218e-03, 9.14268964e-01],\n       [1.09043798e-02, 9.57953026e-01, 3.11425941e-02],\n       [5.79044512e-02, 8.26227103e-01, 1.15868445e-01],\n       [7.42688036e-01, 1.17981799e-01, 1.39330165e-01],\n       [1.72185691e-01, 4.77992010e-02, 7.80015108e-01],\n       [6.50685263e-01, 3.04630703e-01, 4.46840344e-02],\n       [1.38911052e-01, 4.77229087e-02, 8.13366039e-01],\n       [1.97286682e-01, 2.12153924e-01, 5.90559394e-01],\n       [1.51765414e-01, 7.85645312e-01, 6.25892732e-02],\n       [5.74462687e-02, 8.71575494e-04, 9.41682156e-01],\n       [6.01298563e-03, 9.28490232e-01, 6.54967819e-02],\n       [2.25653295e-01, 6.39814563e-03, 7.67948559e-01],\n       [4.88782102e-01, 4.91513111e-01, 1.97047871e-02],\n       [5.36087178e-02, 3.41711157e-02, 9.12220167e-01]])"
     },
     "execution_count": 36,
     "metadata": {},
     "output_type": "execute_result"
    }
   ],
   "source": [
    "y_score"
   ],
   "metadata": {
    "collapsed": false
   }
  },
  {
   "cell_type": "code",
   "execution_count": 37,
   "outputs": [
    {
     "data": {
      "text/plain": "<Figure size 700x800 with 1 Axes>",
