{
 "cells": [
  {
   "cell_type": "markdown",
   "source": [
    "# 主成分分析算法的实现"
   ],
   "metadata": {
    "collapsed": false
   }
  },
  {
   "cell_type": "code",
   "execution_count": 1,
   "outputs": [],
   "source": [
    "import numpy as np\n",
    "class Priceipal_Component_Analysis:\n",
    "    def fit(self, data, dim):\n",
    "        # data normalization\n",
    "        mean_values = np.mean(data,axis=0)\n",
    "        data_centered = data - mean_values\n",
    "        # calculate cov\n",
    "        data_cov = np.cov(data_centered,rowvar=0)\n",
    "        # eigen-decomposition\n",
    "        eig_values, eig_vects = np.linalg.eig(data_cov)\n",
    "        # sort eig_values\n",
    "        eig_values_sorted = np.argsort(-eig_values)\n",
    "        #select biggest dim eigvalues\n",
    "        top_dim_index = eig_values_sorted[:dim]\n",
    "        # select top dim eig vectors\n",
    "        top_dim_vects = eig_vects[:,top_dim_index]\n",
    "        self.w = top_dim_vects\n",
    "    def transform(self,data):\n",
    "        # data normalization\n",
    "        mean_values = np.mean(data,axis=0)\n",
    "        data_centered = data - mean_values\n",
    "        data_low = np.dot(data_centered,self.w)\n",
    "        return data_low\n",
    "    def fit_transform(self,data,dim):\n",
    "        # data normalization\n",
    "        mean_values = np.mean(data,axis=0)\n",
    "        data_centered = data - mean_values\n",
    "        # calculate cov\n",
    "        data_cov = np.cov(data_centered,rowvar=0)\n",
    "        # eigen-decomposition\n",
    "        eig_values, eig_vects = np.linalg.eig(data_cov)\n",
    "        # sort eig_values\n",
    "        eig_values_sorted = np.argsort(-eig_values)\n",
    "        #select biggest dim eigvalues\n",
    "        top_dim_index = eig_values_sorted[:dim]\n",
    "        # select top dim eig vectors\n",
    "        top_dim_vects = eig_vects[:,top_dim_index]\n",
    "        self.w = top_dim_vects\n",
    "        data_low = np.dot(data_centered,self.w)\n",
    "        return data_low\n"
   ],
   "metadata": {
    "collapsed": false
   }
  },
  {
   "cell_type": "code",
   "execution_count": 8,
   "outputs": [],
   "source": [
    "from sklearn.datasets import load_breast_cancer\n",
    "cancer_data1 = load_breast_cancer()\n",
    "data1 = cancer_data1['data']#feature space\n",
    "mean_values = np.mean(data1, axis=0)\n",
    "data_centered = data1 - mean_values\n",
    "# calculate cov\n",
    "data_cov = np.cov(data_centered, rowvar=0)"
   ],
   "metadata": {
    "collapsed": false
   }
  },
  {
   "cell_type": "code",
   "execution_count": 9,
   "outputs": [
    {
     "data": {
      "text/plain": "array([[1.799e+01, 1.038e+01, 1.228e+02, ..., 2.654e-01, 4.601e-01,\n        1.189e-01],\n       [2.057e+01, 1.777e+01, 1.329e+02, ..., 1.860e-01, 2.750e-01,\n        8.902e-02],\n       [1.969e+01, 2.125e+01, 1.300e+02, ..., 2.430e-01, 3.613e-01,\n        8.758e-02],\n       ...,\n       [1.660e+01, 2.808e+01, 1.083e+02, ..., 1.418e-01, 2.218e-01,\n        7.820e-02],\n       [2.060e+01, 2.933e+01, 1.401e+02, ..., 2.650e-01, 4.087e-01,\n        1.240e-01],\n       [7.760e+00, 2.454e+01, 4.792e+01, ..., 0.000e+00, 2.871e-01,\n        7.039e-02]])"
     },
     "execution_count": 9,
     "metadata": {},
     "output_type": "execute_result"
    }
   ],
   "source": [
    "data1"
   ],
   "metadata": {
    "collapsed": false
   }
  },
  {
   "cell_type": "code",
   "execution_count": 11,
   "outputs": [
    {
     "data": {
      "text/plain": "array([[ 1.24189201e+01,  4.90758156e+00,  8.54471417e+01,\n         1.22448341e+03,  8.45445983e-03,  9.41970568e-02,\n         1.90127582e-01,  1.12475116e-01,  1.42731729e-02,\n        -7.75370629e-03,  6.63650325e-01, -1.89188600e-01,\n         4.80354973e+00,  1.17968162e+02, -2.35533633e-03,\n         1.30005142e-02,  2.06588280e-02,  8.17956306e-03,\n        -3.03898170e-03, -3.97624858e-04,  1.65137495e+01,\n         6.43310002e+00,  1.14288570e+02,  1.88822722e+03,\n         9.62462515e-03,  2.29249204e-01,  3.87386440e-01,\n         1.72392739e-01,  3.57457580e-02,  4.49735060e-04],\n       [ 4.90758156e+00,  1.84989087e+01,  3.44397592e+01,\n         4.85993787e+02, -1.41477877e-03,  5.37668058e-02,\n         1.03692344e-01,  4.89769268e-02,  8.41887566e-03,\n        -2.32115824e-03,  3.29037393e-01,  9.16695072e-01,\n         2.44944877e+00,  5.08408652e+01,  8.54099045e-05,\n         1.47865987e-02,  1.86039300e-02,  4.34837964e-03,\n         3.24506954e-04,  6.19772637e-04,  7.32926700e+00,\n         2.41101485e+01,  5.17459332e+01,  8.41283832e+02,\n         7.61106975e-03,  1.88010026e-01,  2.70110082e-01,\n         8.34908538e-02,  2.79419949e-02,  9.26012881e-03],\n       [ 8.54471417e+01,  3.44397592e+01,  5.90440480e+02,\n         8.43577235e+03,  7.08360652e-02,  7.14714125e-01,\n         1.38723362e+00,  8.02360375e-01,  1.21921583e-01,\n        -4.48588794e-02,  4.66140102e+00, -1.16298834e+00,\n         3.40530278e+01,  8.23492755e+02, -1.47881764e-02,\n         1.09111241e-01,  1.67296235e-01,  6.10547010e-02,\n        -1.63964262e-02, -3.55136526e-04,  1.13858063e+02,\n         4.52581133e+01,  7.92328208e+02,  1.30261484e+04,\n         8.35255275e-02,  1.74247791e+00,  2.85850554e+00,\n         1.23184809e+00,  2.84299746e-01,  2.23905222e-02],\n       [ 1.22448341e+03,  4.85993787e+02,  8.43577235e+03,\n         1.23843554e+05,  8.76178126e-01,  9.26493079e+00,\n         1.92449238e+01,  1.12419582e+01,  1.45959589e+00,\n        -7.03426366e-01,  7.14909447e+01, -1.28671677e+01,\n         5.17009995e+02,  1.28085176e+04, -1.76220977e-01,\n         1.33972528e+00,  2.20595229e+00,  8.08460183e-01,\n        -2.10896413e-01, -1.85185365e-02,  1.63752134e+03,\n         6.21824934e+02,  1.13417898e+04,  1.92192558e+05,\n         9.92513546e-01,  2.16166024e+01,  3.76344154e+01,\n         1.67017894e+01,  3.12580933e+00,  2.37562255e-02],\n       [ 8.45445983e-03, -1.41477877e-03,  7.08360652e-02,\n         8.76178126e-01,  1.97799700e-04,  4.89573915e-04,\n         5.85242774e-04,  3.02167060e-04,  2.15054513e-04,\n         5.80685868e-05,  1.17577046e-03,  5.30728260e-04,\n         8.41955814e-03,  1.57742108e-01,  1.40354828e-05,\n         8.03299928e-05,  1.05454056e-04,  3.30349152e-05,\n         2.33418901e-05,  1.05543329e-05,  1.44869117e-02,\n         3.11810959e-03,  1.12879473e-01,  1.65529930e+00,\n         2.58604266e-04,  1.04547843e-03,  1.27612364e-03,\n         4.65056762e-04,  3.43093408e-04,  1.26834336e-04],\n       [ 9.41970568e-02,  5.37668058e-02,  7.14714125e-01,\n         9.26493079e+00,  4.89573915e-04,  2.78918740e-03,\n         3.71813492e-03,  1.70323279e-03,  8.72518055e-04,\n         2.10813102e-04,  7.28582209e-03,  1.34613491e-03,\n         5.86119478e-02,  1.09470847e+00,  2.14545745e-05,\n         6.98668545e-04,  9.09523186e-04,  2.09293726e-04,\n         1.00400852e-04,  7.08958339e-05,  1.36642905e-01,\n         8.05441202e-02,  1.04741276e+00,  1.53234364e+01,\n         6.81954177e-04,  7.19433104e-03,  8.99373999e-03,\n         2.83126752e-03,  1.66709974e-03,  6.55670173e-04],\n       [ 1.90127582e-01,  1.03692344e-01,  1.38723362e+00,\n         1.92449238e+01,  5.85242774e-04,  3.71813492e-03,\n         6.35524790e-03,  2.85018988e-03,  1.09418750e-03,\n         1.89558774e-04,  1.39701630e-02,  3.35187749e-03,\n         1.06443014e-01,  2.23911946e+00,  2.35922336e-05,\n         9.56914602e-04,  1.66349126e-03,  3.36091422e-04,\n         1.17306921e-04,  9.47774191e-05,  2.65180994e-01,\n         1.46934203e-01,  1.95434992e+00,  3.06824051e+01,\n         8.16944485e-04,  9.46943910e-03,  1.47039422e-02,\n         4.51347883e-03,  2.01950274e-03,  7.41417054e-04],\n       [ 1.12475116e-01,  4.89769268e-02,  8.02360375e-01,\n         1.12419582e+01,  3.02167060e-04,  1.70323279e-03,\n         2.85018988e-03,  1.50566077e-03,  4.91982571e-04,\n         4.57290472e-05,  7.51138126e-03,  4.59781771e-04,\n         5.57531179e-02,  1.21850147e+00,  3.22178293e-06,\n         3.40790075e-04,  5.14398590e-04,  1.47397967e-04,\n         3.05845975e-05,  2.64474321e-05,  1.55720694e-01,\n         6.98190238e-02,  1.11601611e+00,  1.78868809e+01,\n         4.01122552e-04,  4.07487369e-03,  6.09083615e-03,\n         2.32144382e-03,  9.02024075e-04,  2.58368250e-04],\n       [ 1.42731729e-02,  8.41887566e-03,  1.21921583e-01,\n         1.45959589e+00,  2.15054513e-04,  8.72518055e-04,\n         1.09418750e-03,  4.91982571e-04,  7.51542821e-04,\n         9.28910636e-05,  2.30638906e-03,  1.93655007e-03,\n         1.73983505e-02,  2.79313983e-01,  1.54187557e-05,\n         2.07009285e-04,  2.83533849e-04,  6.65278822e-05,\n         1.01781812e-04,  2.40678115e-05,  2.46088984e-02,\n         1.52742091e-02,  2.01895786e-01,  2.76572509e+00,\n         2.67070680e-04,  2.04103789e-03,  2.48057393e-03,\n         7.75396600e-04,  1.18694106e-03,  2.17074597e-04],\n       [-7.75370629e-03, -2.32115824e-03, -4.48588794e-02,\n        -7.03426366e-01,  5.80685868e-05,  2.10813102e-04,\n         1.89558774e-04,  4.57290472e-05,  9.28910636e-05,\n         4.98487228e-05,  2.17320416e-07,  6.39430966e-04,\n         5.68573335e-04, -2.89611509e-02,  8.52118998e-06,\n         7.07847676e-05,  9.51878806e-05,  1.48641058e-05,\n         2.01358675e-05,  1.28558262e-05, -8.65707995e-03,\n        -2.22481721e-03, -4.86713328e-02, -9.32024040e-01,\n         8.13993060e-05,  5.09657168e-04,  5.09989727e-04,\n         8.13675199e-05,  1.45901621e-04,  9.78449947e-05],\n       [ 6.63650325e-01,  3.29037393e-01,  4.66140102e+00,\n         7.14909447e+01,  1.17577046e-03,  7.28582209e-03,\n         1.39701630e-02,  7.51138126e-03,  2.30638906e-03,\n         2.17320416e-07,  7.69023519e-02,  3.26223907e-02,\n         5.45431807e-01,  1.20075606e+01,  1.36980537e-04,\n         1.76827584e-03,  2.78215793e-03,  8.78386400e-04,\n         5.51469424e-04,  1.67123076e-04,  9.58415776e-01,\n         3.32021575e-01,  6.70631079e+00,  1.18661947e+02,\n         8.98589022e-04,  1.25267164e-02,  2.20184079e-02,\n         9.68042460e-03,  1.62203697e-03,  2.48224335e-04],\n       [-1.89188600e-01,  9.16695072e-01, -1.16298834e+00,\n        -1.28671677e+01,  5.30728260e-04,  1.34613491e-03,\n         3.35187749e-03,  4.59781771e-04,  1.93655007e-03,\n         6.39430966e-04,  3.26223907e-02,  3.04315949e-01,\n         2.48914100e-01,  2.79978454e+00,  6.57966922e-04,\n         2.28896558e-03,  3.24713230e-03,  7.83845060e-04,\n         1.87704405e-03,  4.08311517e-04, -2.97794292e-01,\n         1.38675379e+00, -1.89523687e+00, -2.61302872e+01,\n        -9.27753055e-04, -8.02322019e-03, -7.93598173e-03,\n        -4.33819302e-03, -4.37585288e-03, -4.54877884e-04],\n       [ 4.80354973e+00,  2.44944877e+00,  3.40530278e+01,\n         5.17009995e+02,  8.41955814e-03,  5.86119478e-02,\n         1.06443014e-01,  5.57531179e-02,  1.73983505e-02,\n         5.68573335e-04,  5.45431807e-01,  2.48914100e-01,\n         4.08789584e+00,  8.62419781e+01,  9.17126151e-04,\n         1.50740895e-02,  2.21229120e-02,  6.93962762e-03,\n         4.45390561e-03,  1.30615667e-03,  6.81312193e+00,\n         2.48997634e+00,  4.89864729e+01,  8.41165375e+02,\n         6.00381162e-03,  1.08768506e-01,  1.76694851e-01,\n         7.37465264e-02,  1.37508705e-02,  3.11976307e-03],\n       [ 1.17968162e+02,  5.08408652e+01,  8.23492755e+02,\n         1.28085176e+04,  1.57742108e-01,  1.09470847e+00,\n         2.23911946e+00,  1.21850147e+00,  2.79313983e-01,\n        -2.89611509e-02,  1.20075606e+01,  2.79978454e+00,\n         8.62419781e+01,  2.06943158e+03,  1.02646013e-02,\n         2.32048109e-01,  3.71991077e-01,  1.16692162e-01,\n         5.04310854e-02,  1.52958332e-02,  1.66522900e+02,\n         5.49403529e+01,  1.16359986e+03,  2.10159710e+04,\n         1.30238261e-01,  2.02737895e+00,  3.65480374e+00,\n         1.60924122e+00,  2.08622021e-01,  1.44107271e-02],\n       [-2.35533633e-03,  8.54099045e-05, -1.47881764e-02,\n        -1.76220977e-01,  1.40354828e-05,  2.14545745e-05,\n         2.35922336e-05,  3.22178293e-06,  1.54187557e-05,\n         8.52118998e-06,  1.36980537e-04,  6.57966922e-04,\n         9.17126151e-04,  1.02646013e-02,  9.01511400e-06,\n         1.81040236e-05,  2.43520250e-05,  6.08461363e-06,\n         1.02631926e-05,  3.39543489e-06, -3.34775926e-03,\n        -1.37932527e-03, -2.19242617e-02, -3.11464005e-01,\n         2.15575614e-05, -2.62459776e-05, -3.65180014e-05,\n        -2.01323198e-05, -1.99396729e-05,  5.50320435e-06],\n       [ 1.30005142e-02,  1.47865987e-02,  1.09111241e-01,\n         1.33972528e+00,  8.03299928e-05,  6.98668545e-04,\n         9.56914602e-04,  3.40790075e-04,  2.07009285e-04,\n         7.07847676e-05,  1.76827584e-03,  2.28896558e-03,\n         1.50740895e-02,  2.32048109e-01,  1.81040236e-05,\n         3.20702887e-04,  4.33147543e-04,  8.22200733e-05,\n         5.84315765e-05,  3.80639479e-05,  1.77096826e-02,\n         1.57400489e-02,  1.56768104e-01,  2.03281940e+00,\n         9.29786001e-05,  1.91253835e-03,  2.38790385e-03,\n         5.68807017e-04,  3.07870879e-04,  1.91146839e-04],\n       [ 2.06588280e-02,  1.86039300e-02,  1.67296235e-01,\n         2.20595229e+00,  1.05454056e-04,  9.09523186e-04,\n         1.66349126e-03,  5.14398590e-04,  2.83533849e-04,\n         9.51878806e-05,  2.78215793e-03,  3.24713230e-03,\n         2.21229120e-02,  3.71991077e-01,  2.43520250e-05,\n         4.33147543e-04,  9.11198238e-04,  1.43753588e-04,\n         7.72114623e-05,  5.80984588e-05,  2.72685729e-02,\n         1.85978404e-02,  2.29928386e-01,  3.23715008e+00,\n         1.16120880e-04,  2.30276848e-03,  4.17252753e-03,\n         8.73985248e-04,  3.69375701e-04,  2.39521661e-04],\n       [ 8.17956306e-03,  4.34837964e-03,  6.10547010e-02,\n         8.08460183e-01,  3.30349152e-05,  2.09293726e-04,\n         3.36091422e-04,  1.47397967e-04,  6.65278822e-05,\n         1.48641058e-05,  8.78386400e-04,  7.83845060e-04,\n         6.93962762e-03,  1.16692162e-01,  6.08461363e-06,\n         8.22200733e-05,  1.43753588e-04,  3.80724191e-05,\n         1.59536273e-05,  9.97652528e-06,  1.06802250e-02,\n         3.28958772e-03,  8.18980659e-02,  1.20243111e+00,\n         3.03391521e-05,  4.39669021e-04,  7.07474494e-04,\n         2.44345903e-04,  5.46329636e-05,  3.46203280e-05],\n       [-3.03898170e-03,  3.24506954e-04, -1.63964262e-02,\n        -2.10896413e-01,  2.33418901e-05,  1.00400852e-04,\n         1.17306921e-04,  3.05845975e-05,  1.01781812e-04,\n         2.01358675e-05,  5.51469424e-04,  1.87704405e-03,\n         4.45390561e-03,  5.04310854e-02,  1.02631926e-05,\n         5.84315765e-05,  7.72114623e-05,  1.59536273e-05,\n         6.83328983e-05,  8.07299465e-06, -5.11885657e-03,\n        -3.93621135e-03, -2.88195970e-02, -5.19329933e-01,\n        -2.38980507e-06,  7.83676091e-05,  6.40142422e-05,\n        -1.65256650e-05,  1.99148013e-04,  1.16573553e-05],\n       [-3.97624858e-04,  6.19772637e-04, -3.55136526e-04,\n        -1.85185365e-02,  1.05543329e-05,  7.08958339e-05,\n         9.47774191e-05,  2.64474321e-05,  2.40678115e-05,\n         1.28558262e-05,  1.67123076e-04,  4.08311517e-04,\n         1.30615667e-03,  1.52958332e-02,  3.39543489e-06,\n         3.80639479e-05,  5.80984588e-05,  9.97652528e-06,\n         8.07299465e-06,  7.00169156e-06, -4.79432902e-04,\n        -5.19621407e-05, -8.89500663e-05, -3.42533475e-02,\n         1.03050944e-05,  1.62432301e-04,  2.09759180e-04,\n         3.74309591e-05,  1.81867149e-05,  2.82603933e-05],\n       [ 1.65137495e+01,  7.32926700e+00,  1.13858063e+02,\n         1.63752134e+03,  1.44869117e-02,  1.36642905e-01,\n         2.65180994e-01,  1.55720694e-01,  2.46088984e-02,\n        -8.65707995e-03,  9.58415776e-01, -2.97794292e-01,\n         6.81312193e+00,  1.66522900e+02, -3.34775926e-03,\n         1.77096826e-02,  2.72685729e-02,  1.06802250e-02,\n        -5.11885657e-03, -4.79432902e-04,  2.33602242e+01,\n         1.06919311e+01,  1.61387312e+02,  2.70785053e+03,\n         2.38999950e-02,  3.61835092e-01,  5.78756806e-01,\n         2.50164782e-01,  7.28202041e-02,  8.16133257e-03],\n       [ 6.43310002e+00,  2.41101485e+01,  4.52581133e+01,\n         6.21824934e+02,  3.11810959e-03,  8.05441202e-02,\n         1.46934203e-01,  6.98190238e-02,  1.52742091e-02,\n        -2.22481721e-03,  3.32021575e-01,  1.38675379e+00,\n         2.48997634e+00,  5.49403529e+01, -1.37932527e-03,\n         1.57400489e-02,  1.85978404e-02,  3.28958772e-03,\n        -3.93621135e-03, -5.19621407e-05,  1.06919311e+01,\n         3.77764828e+01,  7.54036974e+01,  1.21024559e+03,\n         3.16354100e-02,  3.48935911e-01,  4.72339959e-01,\n         1.45343705e-01,  8.86094831e-02,  2.43246056e-02],\n       [ 1.14288570e+02,  5.17459332e+01,  7.92328208e+02,\n         1.13417898e+04,  1.12879473e-01,  1.04741276e+00,\n         1.95434992e+00,  1.11601611e+00,  2.01895786e-01,\n        -4.86713328e-02,  6.70631079e+00, -1.89523687e+00,\n         4.89864729e+01,  1.16359986e+03, -2.19242617e-02,\n         1.56768104e-01,  2.29928386e-01,  8.18980659e-02,\n        -2.88195970e-02, -8.89500663e-05,  1.61387312e+02,\n         7.54036974e+01,  1.12913085e+03,  1.87028700e+04,\n         1.81660029e-01,  2.79892870e+00,  4.33478134e+00,\n         1.80307085e+00,  5.60249648e-01,  8.43335447e-02],\n       [ 1.88822722e+03,  8.41283832e+02,  1.30261484e+04,\n         1.92192558e+05,  1.65529930e+00,  1.53234364e+01,\n         3.06824051e+01,  1.78868809e+01,  2.76572509e+00,\n        -9.32024040e-01,  1.18661947e+02, -2.61302872e+01,\n         8.41165375e+02,  2.10159710e+04, -3.11464005e-01,\n         2.03281940e+00,  3.23715008e+00,  1.20243111e+00,\n        -5.19329933e-01, -3.42533475e-02,  2.70785053e+03,\n         1.21024559e+03,  1.87028700e+04,  3.24167385e+05,\n         2.71884821e+00,  3.92628573e+01,  6.45377197e+01,\n         2.79722743e+01,  7.36708262e+00,  8.19035051e-01],\n       [ 9.62462515e-03,  7.61106975e-03,  8.35255275e-02,\n         9.92513546e-01,  2.58604266e-04,  6.81954177e-04,\n         8.16944485e-04,  4.01122552e-04,  2.67070680e-04,\n         8.13993060e-05,  8.98589022e-04, -9.27753055e-04,\n         6.00381162e-03,  1.30238261e-01,  2.15575614e-05,\n         9.29786001e-05,  1.16120880e-04,  3.03391521e-05,\n        -2.38980507e-06,  1.03050944e-05,  2.38999950e-02,\n         3.16354100e-02,  1.81660029e-01,  2.71884821e+00,\n         5.21319833e-04,  2.04113863e-03,  2.46993342e-03,\n         8.21990412e-04,  6.97588413e-04,  2.54697477e-04],\n       [ 2.29249204e-01,  1.88010026e-01,  1.74247791e+00,\n         2.16166024e+01,  1.04547843e-03,  7.19433104e-03,\n         9.46943910e-03,  4.07487369e-03,  2.04103789e-03,\n         5.09657168e-04,  1.25267164e-02, -8.02322019e-03,\n         1.08768506e-01,  2.02737895e+00, -2.62459776e-05,\n         1.91253835e-03,  2.30276848e-03,  4.39669021e-04,\n         7.83676091e-05,  1.62432301e-04,  3.61835092e-01,\n         3.48935911e-01,  2.79892870e+00,  3.92628573e+01,\n         2.04113863e-03,  2.47547707e-02,  2.92877607e-02,\n         8.28484985e-03,  5.98097006e-03,  2.30306664e-03],\n       [ 3.87386440e-01,  2.70110082e-01,  2.85850554e+00,\n         3.76344154e+01,  1.27612364e-03,  8.99373999e-03,\n         1.47039422e-02,  6.09083615e-03,  2.48057393e-03,\n         5.09989727e-04,  2.20184079e-02, -7.93598173e-03,\n         1.76694851e-01,  3.65480374e+00, -3.65180014e-05,\n         2.38790385e-03,  4.17252753e-03,  7.07474494e-04,\n         6.40142422e-05,  2.09759180e-04,  5.78756806e-01,\n         4.72339959e-01,  4.33478134e+00,  6.45377197e+01,\n         2.46993342e-03,  2.92877607e-02,  4.35240905e-02,\n         1.17308745e-02,  6.87326192e-03,  2.58678613e-03],\n       [ 1.72392739e-01,  8.34908538e-02,  1.23184809e+00,\n         1.67017894e+01,  4.65056762e-04,  2.83126752e-03,\n         4.51347883e-03,  2.32144382e-03,  7.75396600e-04,\n         8.13675199e-05,  9.68042460e-03, -4.33819302e-03,\n         7.37465264e-02,  1.60924122e+00, -2.01323198e-05,\n         5.68807017e-04,  8.73985248e-04,  2.44345903e-04,\n        -1.65256650e-05,  3.74309591e-05,  2.50164782e-01,\n         1.45343705e-01,  1.80307085e+00,  2.79722743e+01,\n         8.21990412e-04,  8.28484985e-03,  1.17308745e-02,\n         4.32074068e-03,  2.04362935e-03,  6.06799512e-04],\n       [ 3.57457580e-02,  2.79419949e-02,  2.84299746e-01,\n         3.12580933e+00,  3.43093408e-04,  1.66709974e-03,\n         2.01950274e-03,  9.02024075e-04,  1.18694106e-03,\n         1.45901621e-04,  1.62203697e-03, -4.37585288e-03,\n         1.37508705e-02,  2.08622021e-01, -1.99396729e-05,\n         3.07870879e-04,  3.69375701e-04,  5.46329636e-05,\n         1.99148013e-04,  1.81867149e-05,  7.28202041e-02,\n         8.86094831e-02,  5.60249648e-01,  7.36708262e+00,\n         6.97588413e-04,  5.98097006e-03,  6.87326192e-03,\n         2.04362935e-03,  3.82758354e-03,  6.00994206e-04],\n       [ 4.49735060e-04,  9.26012881e-03,  2.23905222e-02,\n         2.37562255e-02,  1.26834336e-04,  6.55670173e-04,\n         7.41417054e-04,  2.58368250e-04,  2.17074597e-04,\n         9.78449947e-05,  2.48224335e-04, -4.54877884e-04,\n         3.11976307e-03,  1.44107271e-02,  5.50320435e-06,\n         1.91146839e-04,  2.39521661e-04,  3.46203280e-05,\n         1.16573553e-05,  2.82603933e-05,  8.16133257e-03,\n         2.43246056e-02,  8.43335447e-02,  8.19035051e-01,\n         2.54697477e-04,  2.30306664e-03,  2.58678613e-03,\n         6.06799512e-04,  6.00994206e-04,  3.26209378e-04]])"
     },
     "execution_count": 11,
     "metadata": {},
     "output_type": "execute_result"
    }
   ],
   "source": [
    "data_cov"
   ],
   "metadata": {
    "collapsed": false
   }
  },
  {
   "cell_type": "code",
   "execution_count": 12,
   "outputs": [],
   "source": [
    "eig_values, eig_vects = np.linalg.eig(data_cov)"
   ],
   "metadata": {
    "collapsed": false
   }
  },
  {
   "cell_type": "code",
   "execution_count": 13,
   "outputs": [
    {
     "data": {
      "text/plain": "array([4.43782605e+05, 7.31010006e+03, 7.03833742e+02, 5.46487379e+01,\n       3.98900178e+01, 3.00458768e+00, 1.81533030e+00, 3.71466740e-01,\n       1.55513547e-01, 8.40612196e-02, 3.16089533e-02, 7.49736514e-03,\n       3.16165652e-03, 2.16150395e-03, 1.32653879e-03, 6.40269304e-04,\n       3.74883320e-04, 2.35169626e-04, 1.84583467e-04, 1.64180064e-04,\n       7.81102011e-05, 5.76111660e-05, 3.49172775e-05, 2.83952689e-05,\n       1.61463677e-05, 1.24902419e-05, 7.01997261e-07, 3.68048171e-06,\n       2.84790425e-06, 2.00491564e-06])"
     },
     "execution_count": 13,
     "metadata": {},
     "output_type": "execute_result"
    }
   ],
   "source": [
    "eig_values"
   ],
   "metadata": {
    "collapsed": false
   }
  },
  {
   "cell_type": "code",
   "execution_count": 14,
   "outputs": [
    {
     "data": {
